data pragati

53.075418038862395 135.51752654177244 109.48972554536796
44.01136216933077 134.84806264830058 80.1311425102625
49.72926703662542 160.11246047700348 100.08995953640904
52.630789467763066 165.19382555047267 103.87011119662864
51.264022471905186 174.28998823799375 112.0044641967453
59.53990258641679 176.207264322445 115.10864433221339
59.941638282582836 181.02486017119307 118.59595271340417
65.0 182.00274723201295 121.75795661885921
65.7419196555744 185.41305239923105 120.16655108639841
67.54257916307313 187.00267377767625 121.75795661885921
68.87670143089025 188.83061192507955 122.06555615733703
69.83552104767315 192.4266093865399 125.22779244241272
69.77105417004964 194.0103090044444 126.17844506887855
70.66116330771806 193.40372281835735 125.8729518204765
72.47068372797375 194.0103090044444 126.53062870309307
70.68238818828917 195.41238445912276 126.17844506887855
71.11961754677819 196.22945752358385 128.84486796143648
72.89718787443039 196.1249601657066 128.5496013218244
72.56031973468694 196.64434901618708 127.3459854098275
72.47068372797375 197.77006851391846 126.84636376341263
72.47068372797375 196.9466932954194 127.09445306542689
72.069410986909 194.9897433200013 129.28263611173776
72.94518489934754 199.6922632452244 134.3726162579266
74.30343195303969 200.5243127403757 135.5949851580065
72.94518489934754 200.24984394500785 135.34031180694095
73.92563831310488 200.5243127403757 136.0624856453828
73.824115301167 204.41379601191306 137.7679207943562
74.79304780526061 203.29781110479277 136.56500283747664
75.17978451685 202.74368054269902 140.24621207005913
75.17978451685 204.9634113689563 141.05672617780408
74.79304780526061 204.41379601191306 141.718029904455
73.92563831310488 200.5243127403757 141.56623891309678
75.29276193632427 201.40506448448608 140.4314779527724
73.92563831310488 199.49185447030163 138.31124321616085
72.71863585079137 195.86219645454813 120.83873551142449
73.49829930005184 194.49421585229726 118.25819210524064
73.23933369440222 194.85892332659543 116.70903992407786
73.23933369440222 193.49418595916518 115.95257651298655
73.23933369440222 193.49418595916518 115.44695751729449
73.49829930005184 191.9088325221119 114.47707194019246
73.00684899377592 192.62658175859323 116.92732785794773
72.67048919609665 193.63109254456012 117.38824472663352
72.67048919609665 193.27959023135372 116.66190466471906
70.178344238091 189.02909828912584 82.07313811473277
68.79680225126747 186.19613314996636 80.8084154033477
68.26419266350405 184.83776670366908 74.33034373659252
68.79680225126747 183.412104289766 77.46612162745726
69.1158447825099 182.91528093628483 78.24321056807422
68.79680225126747 183.3712082089225 81.5659242576212
68.5054742338158 184.25254408012933 82.73451516749222
67.95586803212802 183.35757415498276 82.03657720797473
69.33974329343886 185.14858897652988 82.13403679352427
68.00735254367721 183.412104289766 82.61961026293939
68.81860213634101 185.17289218457435 82.61961026293939
68.60029154456998 186.9786084021378 86.05230967266364
68.81860213634101 187.88294228055935 83.86894538504703
67.42403132415029 188.31091311976584 87.41853350405736
69.40461079784254 188.31091311976584 82.61961026293939
69.40461079784254 187.4593289223025 84.20213774008353
69.40461079784254 188.36666371733614 87.41853350405736
69.40461079784254 190.60167890131504 85.80209787645055
67.42403132415029 190.18412131405714 83.60023923410746
69.63476143421474 189.274932307477 85.21150157109074
70.21395872616783 190.2761151589973 87.00574693662483
68.60029154456998 190.18412131405714 85.21150157109074
69.40461079784254 190.18412131405714 84.40379138403677
66.85057965343307 190.60167890131504 84.81155581640984
68.24221567329127 189.69449122207 85.0
68.81860213634101 190.18412131405714 85.60373823613078
68.00735254367721 191.09421759959145 87.20091742636656
68.60029154456998 192.00520826269272 88.81441324469807
68.81860213634101 188.4489320744482 84.40379138403677
68.00735254367721 190.2761151589973 86.83893136145792
67.42403132415029 188.95766721676048 84.20213774008353
68.24221567329127 190.68298298484845 84.02380615040002
68.00735254367721 189.77091452590938 85.80209787645055
68.81860213634101 188.85973631242842 86.6083136886985
66.61080993352356 189.274932307477 86.83893136145792
69.06518659932803 187.8430195668713 83.86894538504703
71.02112361825881 186.53149868051776 83.6301381082203
71.34423592694787 184.93782739072068 79.90619500389191
71.19691004531025 186.93849255838134 86.31338250816034
73.43023900274328 185.930094390338 88.72992730753249
74.79304780526061 186.30083198955393 92.20086767487604
79.64923100695951 190.2761151589973 102.57680049601859
78.39005038906404 193.38303958723992 123.664869708418
76.05918747922567 196.49173010587495 126.30122723077555
75.17978451685 199.32385707686876 141.01418368376991
73.824115301167 200.08498194517247 144.00347218036097
74.68600939935136 200.6888138387389 143.01398533010678
74.30343195303969 201.06217943710845 133.37541002748594
73.824115301167 200.57168294652163 128.56126943990557
73.35529974037323 198.45654436173174 121.92620719107111
74.30343195303969 196.01020381602586 115.43396380615195
73.92563831310488 193.29769786523585 115.35163631262454
73.06161783043132 186.11824198610947 112.44554237496477
73.06161783043132 183.88311504866346 110.54863183232979
76.47875521999558 196.64434901618708 107.46627377926528
75.59100475585703 195.30488985173923 105.47511554864494
76.47875521999558 192.27584351654787 105.38500842150178
73.79024325749306 191.81762171396036 105.30432089900205
77.38862965578342 195.5326059765992 103.23759005323593
74.68600939935136 195.27416623813812 105.23307464861035
72.47068372797375 178.3704011320264 103.1746092796091
70.49113419430843 149.4824404403407 99.08077512817509
67.4166151627327 117.92370414806346 106.01886624558857
68.5054742338158 103.81714694596457 106.1178590059185
74.63243262818116 94.54099639838793 112.0044641967453
72.62231062146122 92.30926280715278 109.07336980216573
70.60453243241541 88.63972021616495 107.00467279516349
69.63476143421474 75.96051605933177 113.11056537742175
70.0 71.17583859709698 109.16501271011697
69.40461079784254 71.30918594402827 110.22250223978767
68.24221567329127 67.23094525588644 115.35163631262454
70.0 67.62396025078685 114.35471131527551
69.40461079784254 69.77822009767804 108.29589096544707
70.0 68.8839603971781 114.43775600735974
69.06518659932803 64.41273166075166 112.21853679316978
68.24221567329127 54.62600113499065 114.28035701729323
68.24221567329127 57.697486947006624 111.28791488746656
68.24221567329127 56.36488268416781 107.16809226630845
68.81860213634101 55.54277630799526 111.22050170719426
67.42403132415029 57.697486947006624 109.29318368498559
68.81860213634101 52.773099207835045 113.63538181394033
69.40461079784254 54.56189146281496 110.65260954898443
70.60453243241541 54.56189146281496 112.00892821556681
70.60453243241541 57.8013840664737 111.75866856758807
70.21395872616783 54.56189146281496 112.64102272262978
71.28113354878694 52.32590180780452 115.62439189029277
71.02816342831905 54.230987451824994 113.63538181394033
71.61005515987263 54.56189146281496 115.43396380615195
69.06518659932803 57.697486947006624 112.44554237496477
70.45565981523414 53.85164807134504 114.6298390472568
71.28113354878694 49.9799959983992 115.35163631262454
70.7248188403477 53.71219600798314 112.44554237496477
69.6419413859206 55.54277630799526 114.43775600735974
70.7248188403477 51.86520991955976 114.43775600735974
71.34423592694787 52.773099207835045 111.22050170719426
70.7248188403477 56.462376853972415 114.5294721894762
71.56116265125938 52.0 113.35784048754634
72.94518489934754 51.07837115648854 113.35784048754634
71.8679344353238 51.86520991955976 115.43396380615195
72.11102550927978 54.42425929675111 114.5294721894762
72.40165743959182 53.31041174104736 114.21471008587291
69.9714227381436 54.12947441089743 112.28535078094559
71.56116265125938 55.154328932550705 114.43775600735974
70.49113419430843 76.8505042273634 110.45361017187261
72.71863585079137 90.7358804442873 109.37092849564732
72.56031973468694 111.83022847155415 111.11255554616679
70.71067811865476 163.783393541592 116.01724009818541
77.87810988975015 198.6454127333425 118.03812943282352
77.3692445355388 193.13207915827965 116.01724009818541
76.02631123499285 187.83237207680682 115.00434774390054
77.82673062643708 186.59046063504962 115.03912377969506
77.41446893184762 183.84776310850236 116.06894502837527
77.41446893184762 185.73368030596927 116.01724009818541
77.89736837660179 183.50476833041697 114.03946685248927
78.29431652425353 186.59046063504962 115.00434774390054
79.75587752636166 185.930094390338 118.03812943282352
78.77182237323191 186.43229333996834 117.01709276853532
77.89736837660179 187.66459442313567 117.00427342623003
78.77182237323191 187.55532517100121 119.06720791217035
76.53757247260981 186.43229333996834 116.03878661895772
79.17701686727027 185.930094390338 114.00438588054409
79.17701686727027 187.66459442313567 117.01709276853532
77.82673062643708 187.66459442313567 116.01724009818541
78.29431652425353 190.3943276465977 120.00416659433121
78.71467461661771 190.8952592391964 119.00420160649792
78.71467461661771 191.7602670002313 118.00423721205946
77.82673062643708 192.93781381574738 120.01666550941998
73.57309290766564 193.00259065618783 136.34148304899725
75.29276193632427 183.6736235827017 133.88054376943649
75.58438992278762 172.67889274604468 133.3641631023867
data barsha
104.06248123122954 263.0532265531065 180.40509970618902
103.46496991735899 265.8364158650955 184.6212338816963
101.95096860746347 273.89048906451643 190.60167890131504
102.04410811016969 281.94503010338735 189.8341381311591
103.07764064044152 285.9545418418809 194.40164608356588
102.88342918079665 284.56457966514387 196.01020381602586
99.40321926376429 287.9201278132531 196.01020381602586
100.84641788382967 289.88618456214846 197.62590923257
102.18121158021175 286.75425018646195 195.6016359849784
102.69371937952194 289.5272007946749 197.00253805471644
102.69371937952194 287.3830196793123 197.00253805471644
103.61949623502326 285.2402496142506 196.2065238466856
101.59232254457027 289.2766841624122 191.47062437878037
101.95096860746347 283.0070670495703 176.32356620712955
104.06248123122954 285.1596044323249 164.43843832875572
107.33592129385204 282.0248216026384 143.93401265857906
106.28264204469139 283.0070670495703 131.36590120727678
107.91200118615167 284.36947796836427 114.40279716860073
108.15729286552988 285.27180021866866 99.12618221237011
108.16653826391968 285.0491185743257 87.72684879784524
107.83784122468327 285.3786957710754 85.72630868059116
106.56922632730333 286.4716390849188 76.53757247260981
108.50345616615168 290.08274681545606 82.96987405076617
107.20541031123382 291.0549776245031 87.09190547921202
107.83784122468327 290.08274681545606 83.67795408588812
108.16653826391968 292.0273959751037 83.74365647617735
107.5174404457249 290.08274681545606 82.0
107.83784122468327 289.110705439975 83.67795408588812
105.62196741208714 290.82297020696285 85.61541917201598
107.5174404457249 286.70019183809416 81.32035415564789
107.5174404457249 288.37649002649295 83.16850365372699
108.15729286552988 288.61739379323626 89.05054744357274
108.50345616615168 285.9597873827717 96.25487000666512
107.33592129385204 283.5507009337131 129.4488315899375
106.04244433244644 282.8091229080137 144.04513181638595
106.97663296253066 283.5507009337131 157.4325252290644
106.6255128944288 280.3711825420009 167.86303941010956
105.6882207249228 280.1303268123607 175.025712396779
106.97663296253066 277.94963572561124 177.0197729068705
103.61949623502326 275.7698315624826 176.64653973401235
103.46496991735899 278.18878482066816 179.90275150758535
103.61949623502326 277.48153091692427 179.90275150758535
103.81714694596457 274.33191575170395 178.53010950537168
101.01980003939822 277.71388153997634 179.90275150758535
103.81714694596457 277.46170906991836 180.0999722376436
104.546640309481 279.15945264310864 180.24705268048075
104.17773274553444 277.46170906991836 180.0999722376436
103.61949623502326 275.0363612324741 177.00282483621552
102.69371937952194 274.79810770818636 175.78680269007683
101.76934705499491 275.7698315624826 176.30087918101827
103.07764064044152 276.7417568781408 176.81911661356077
104.78549517943789 279.6587205863604 176.49079296099274
102.69371937952194 277.94963572561124 179.38784797192923
102.69371937952194 278.22652641328074 178.1937148162078
100.84641788382967 278.92113580723856 180.42172818150257
101.6366075781753 279.42798714516766 179.56892826989863
101.59232254457027 274.79810770818636 182.00274723201295
102.31813133555558 275.0363612324741 182.00274723201295
103.46496991735899 271.4000736919576 181.27603261324978
104.4030650891055 272.41512439657237 182.84966502567076
103.09219175087898 250.96015620014265 185.84133017173548
101.24228365658294 224.54398232862977 187.21645226849054
100.2845950283492 198.5170017907786 184.4911922016875
99.04039579888602 190.0026315607234 190.20515240129538
97.52948272189288 175.86642658563346 196.468827043885
106.23088063270491 130.17680284904833 197.57024067404484
104.29285689825551 123.47064428438041 192.96113598338914
103.58088626768937 116.9700816448377 189.84203960134857
104.546640309481 104.62313319720452 191.44189719076647
105.32331175955302 108.55873986004075 196.82479518597245
101.41498903022176 106.3296760081587 194.0
106.73331251301067 98.97979591815695 189.9315666233499
103.07764064044152 102.08329931972223 191.84629264074925
103.07764064044152 104.84750831564858 192.46298345396187
105.01904589168576 103.77379245262264 188.95766721676048
104.29285689825551 98.79271228182775 185.34832073693033
105.99056561788883 102.08329931972223 189.69449122207
106.23088063270491 100.16985574512923 188.43035848822237
108.17116066678771 100.23971268913334 188.22327167489146
104.5609869884557 98.97979591815695 187.5446613476374
106.73331251301067 102.47438704378767 189.69449122207
105.75916035975324 102.95630140987001 189.69449122207
105.26157893552613 110.27692415006868 190.50721771103582
105.01904589168576 116.84605256490268 191.34262462922368
104.80935072788114 122.11470017978998 189.38056922503955
95.2102935611481 142.04224723651762 190.79046097748179
98.49365461794989 177.55280904564702 187.57931655702342
101.92153844992725 231.53401477968632 191.47062437878037
108.26818553942798 265.6633207652121 188.67167248953936
107.33592129385204 278.72925931807015 194.9897433200013
106.77546534667971 275.2780412601049 192.52012881774206
105.19030373565806 272.6187814513153 193.91235133430774
107.93516572461452 275.30528509274933 195.0640920313116
107.15409464878138 275.82965757873103 197.27392123643713
107.01868995647442 272.90474528670256 196.3797341886377
107.70329614269008 271.4884896270927 194.164878389476
107.15409464878138 276.5863337187866 195.0640920313116
108.07867504739313 275.0781707078917 196.3797341886377
107.70329614269008 275.3942628305826 195.30488985173923
108.07867504739313 275.61023203067043 195.88006534611938
106.77546534667971 275.61023203067043 193.91235133430774
107.70329614269008 274.85450696686786 194.9897433200013
106.23088063270491 274.63430230034993 193.91235133430774
105.84894897919393 274.85450696686786 194.164878389476
106.62082348209472 276.5863337187866 193.66982212001952
106.4048871058092 277.2525924134885 196.1249601657066
106.77546534667971 276.5863337187866 193.91235133430774
106.23088063270491 277.5626055505316 193.0932417253385
105.84894897919393 274.41756503547657 190.30764566879597
105.84894897919393 275.82965757873103 191.9505144562004
107.33592129385204 274.63430230034993 191.9505144562004
105.47511554864494 274.63430230034993 189.73665961010275
107.33592129385204 277.02707448911923 193.91235133430774
105.1094667477673 277.7804888756588 195.88006534611938
104.92378186092989 274.20430339438514 191.4601786273062
107.91200118615167 276.27884464793897 193.0932417253385
106.04244433244644 276.80498550423545 195.88006534611938
105.84894897919393 274.63430230034993 192.52012881774206
105.84894897919393 273.65854636754904 192.27584351654787
107.70329614269008 275.3942628305826 192.04166214652486
106.04244433244644 275.3942628305826 192.04166214652486
105.84894897919393 273.22701184180164 190.06577808748213
106.62082348209472 271.0608787708031 189.8341381311591
106.77546534667971 273.0164830188829 191.60375779195982
106.23088063270491 271.42586464815764 187.20042734993956
105.70241246064349 273.4410356914265 190.68822721919673
103.07764064044152 264.7753764986465 185.15128949051368
102.15674231297707 256.7430622236948 187.44865963777923
97.49358953285082 246.52180430947686 185.60711193270586
95.38343671728336 234.92339176846565 177.85949510779568
89.55445270895244 214.59729728027799 177.867928531256
90.4267659490264 197.0101520226813 173.7728402253931
